$ANSIBLE_VAULT;1.1;AES256
61363634333566646661353836616662323162663963656139303264356332323735306263356564
6539663466663166373439333736393564306332616164360a626632626562316637303939396234
65363365363563306138653733383630646338323338633131353537633666613965373536316532
3037373031626339330a623738346134303038313763643032323039363031326566393436636434
62316162363336626232373265613063333231306339666439636333653738666166666632316563
32323638376335313361386633323465353261616365316262383436396137666438336461393465
36633066633766623234613636383836343135666464616238343163323432323332336666623563
38393333353235366537303538393763643632653865633362363566336363643064356333643063
62623233613439616434663031353235326166383332663963343234633935303739626461613038
65653839366430386266643438623337383864393362326634613862303066343562656665383763
61323534303164356339623632353366316234613536353763633731623765643165376230323764
62666235643139633134323938616662303335656437333630613036336538653530636337393339
32616135316164343163383937376166396631623830323739656631613031623531386532666263
32643233326432346631343633363133343663353066323937393234386538303132356364626331
38343231333261666264336435396662383461343035326135316662326261613439383363386663
61626437386362316339393032326237643331376332313764323362633938656262306233333366
37313136316335333432623334643461376364336133353662633839376664336236633432303532
36626666663738323966323035626665323732336163383734353533383035643166306533326164
64666636616165663635386462613163623535313736323130393336393964393966363366333533
61633132323463333861336334396165366132316132383431613234343862633365656537303630
30646436366663306539323831303232336237636535373031323837313535353061376461326432
62393534323364303732306434646435626439663538636435323564383062656264356564613562
35303538316536653636396666633764646137643661316665393861653833336162333765623365
36373966313036653763386435303633386565373935323137396365626534376430643835643564
35316262336166656434653839356539303333313766386663393933396363323631396266373362
37346465316138353834336565656238616335383936313734386132616465373233393032663063
33373563363631346439353762376461333431346639636265643339643031623938336361333436
62633364303133636537613662366166323235353064663032396162643735363231323737313334
39343732303566323030393133376663353462313162373035343937373136356230646434633037
30373631613030323037306262396362306437613966333863646636363537316466366538636333
66303435393364383034373632626465666231343864616164326530316533393337386261663463
61343635303164326435366134643839366331323936356537623464373238336563353263356630
37383962653333373162396464386132366635636331326561333937666636356434623837353736
38646261386631303934323837386436353262303264376432643131366161306630353737636631
66376631396461383963333333653635343632353665623761623334646563303163356138336536
66636630393264633130313065643633366165633036393766343233396635306533376132653032
64356339663236373464303330376530653130386430636434326664353266666339303634353732
30333436636162336530623636663162643432623132623431323665353863656438356635393939
39653333323831313537376232636535623861616461323333393332376532343830336364666535
63633535633435386663306339343033393634333837613064306330373533613236623565393337
39623930363336663265393738323764373839383166346239366265613937663535353232396431
30316436323564353933663164363233383064393634653364343366366665313234323535663936
35366538396338636164383232616463393932393336393863306435663963393362376162643062
65613039616430343663626634616562323732376537396532393633343139373336636233373935
35306262353166626234383139333838653737633331303265386537633839353663306332653138
30323864656332626133336534303063353837326639396139616566666665386636316130393461
62366639653537623037663138656465373838356266316333326165646664373161616335343631
34636161656464346434366264623737656636353538363737333061613932353864306335643237
61636632396330336436393865373534313738316363356438313136666538636638333439313932
61353237343938336532323965313862376339323532383330393633666537313136366238323538
32626662316235353538646534646532366335616430313662393535653966656238653132353761
34666536373865336364653531346265386235363136326165353836613032613638323434366661
36376162353039333732366530353766343235346638313961306430303836326331373061346262
66653464343136633736343038613438356130643831333165393538303763613366666537646330
35646533383232326433396332306239313337633963383566316630626339316637373939623138
39363763323831636361383836373465393036303761646131666433313530646533393065633238
64643936303632333133303464633238313065613364633964636631643530306261643933616638
62303937653532666533376231396632346263373832623165326539393361313365323463366636
37323638326363616265616335636233363661663965376437346261616135333738373662386635
38626139633338333366623236393537396335353061623363393238366339373865333266303961
63613561633533653666343462353939326138376335376564393337393165363033323739636465
38646463343533626362363134396333313233386163623635616134643439373832633438663330
64356537356465353164646464326633633434313962333264643664643364643832346166313732
33393061633366306334303461386233623264343334646265383964383338303433373261303131
62356634613136366631613537353666306439626165326465363435653961363963323236356230
33316537343339386364313466353739326463663539343935626333346164643431323465396438
33323032313735356266383834663665323435306561616463356163353130656531393739326363
63346531373661353437633734376334346231346565366439646239356235363434636563363735
65336639343436373534363761656234306539316331363161323838623431613134623733316665
37396335653433616438643462313537653563346461646530306130613436653563333364633838
62663163623933633665376239376162333535363039393663653634626365303231633362323736
62323739646664396332373433353734373230316332643235323439303965343138626135663166
37613361626332333831666535353433623931353038376161323963353739653835626536393432
61323231353163653133313562626463646566313462343033303733363339353732346366343539
37356631386563373864306265343266303766326261656537386264373561343332343362373665
64363863343361356230623234653839306463373533613465393261636338393834633138636139
63643530303735306633343763343238666164346465643362396232313535323339376162613962
37623534303737373635623736306436316430316637346536336363333535393161306461373436
37316263313864643831373764656163633961336634353038646562633363313739353263333833
65303634346533666132306239646435373463313962383339303833333362346230363963323066
35663235306364393433373335353331323165663662316534643063383764353963313665343061
30373837393430383733613562376237353530303633396361623234356639396264333164376438
31336533623931616434383164386630353030346236616339396331383061613939653838653737
30373562663532663232383139353963376135626564343665366266623936346166666132323466
35303833613433376139313439306565373266633236343236383730356639316336353063396633
35303565333530633838306138356432623635393337663662653136653865343464346534623938
35366630633832663439633662303762666665333734333139653431663831653231393838616263
39663434333464643164363935613765306434613266333234353437393435306164323430373535
35613364373839656666373566393935653436376437643231393238623539363764323437613937
39333134663034363761663533633837336333666232346431336437393662633936653164613964
62636238393034386231376462313231333830313831306238613438383162623535393762313537
31663230343465316537393137643932393036323930343464356232346539653236346264373266
39356231306232303934643035396464336365616661363834323932393862656663376362333162
65623437353437366336373066623238636666383164613235346530333962383764306536326433
35656131363031316361303835303830396161363633363661333531363731333263633933376237
37633862353534313339643633306663633939343931323131346564303836376263356438653037
34636364346636626236396365313031633332333435303730326166386131353238386533343338
64376534653365623539656162323061663531343662666236346363366436336332333865373934
65326366623764333539623565356165383039666264656634613533623338396136373439626233
66643330653337386435663539383062663866333930633061373362333661656562653937376533
37646637623061323730636566366133613236343938346363336664326663643965366536646134
39333331643038623162376438636136366232313961383763656366326336616365356636336635
63306233663935643937653938663564326561366161623333376361636265343933373131663063
63323037353730356663323961663633656131383335343630333163306130346535623464623839
30343736343333373138633865353636626137356132643931343466353163313261326662316162
65303136316239653932666330313735343533626638363931346231663963623134353139386435
66363930613863363961623439303933363866353033386164366336646137383634643861626133
39303236323036313836306362313762656666306633336430633866313263393735316432326265
30336366613938383465653465316562626132613039323432303533343230613631623263376335
32396635663766323038653236363362386161656237633461636234353339306566666165336131
36393337633238613262303162613032643766313636393234313564333666623234323434353464
64323030656664633834306162613633663238366530313235313235666130333065313730616337
61623364303430346363333364383637376466343835643662363462326135663262356438643134
34306365393933303162323764656363626661386437323263353139303731663766646131356636
34353963643938346638386637393666646536396131356663366461633265313931393764393864
35333265386634313235633131343235313135616439633462323333303262633036386438643236
64653963633737626233616432663963653332356234643461633061653239366135363231366162
37663431373437663532303830363533333265303362653036326236656261613634376630653436
37323636646535643064386232666562383235623861336435323230396338343034663963356334
34396136383935616339393139376132356331633535373437353862386238633563363461366433
62303938663630343836653331373565616330313561303964336335353534346233393862306535
32663939626565343063353164666464656561396363663934633062383965383434396430626536
32323739336132336132633739343437633463653230386630316561626666633465646364616438
31656664356434363437303136353432343037353331356561333064323462373364633937383330
30353935323361646566653831303831656332323062356130343439323039376165363533623865
35643830623732323132313334333364326639643337643363316562626665653761653465653235
32323037316361653336303237613863336363376233346336386265633865616133386166346231
32373864633737323463356138366331363939663965663237303662663262636439663065306263
30663431323232613461656364646636666235383837306166303162623736386537326539663563
61646662363231326538363039663637376462366438643132303233386361656361363234363761
61613731383536623632643933373764376433633561336363633864623838653561353563636664
38313964323166663136636335663330306535613136353438666239383132613237386665336562
39363362316664306164623333313536376264666538386364323162356463366336333930666139
3833646132663731306331633534656262363638396436623365
